# FORMAT
# GRAPHIC OPEN_SOUND_ID CLOSE_SOUND_ID LEFT TOP RIGHT BOTTOM ICONIZED_GRAPHIC [0 if not exists] MINIMIZER_AREA_X [0 if not exists] MINIMIZER_AREA_Y [0 if not exists]
# LEFT = X,  TOP = Y,  RIGHT = X + WIDTH,  BOTTOM = Y + HEIGHT


9 0 0 20 85 124 196 0 0 0
60 72 88 44 65 186 159 80 105 162
61 72 88 29 34 137 128 0 0 0
62 47 46 33 36 142 148 0 0 0
63 79 88 19 47 182 123 0 0 0
64 45 44 16 51 150 140 0 0 0
65 79 88 35 38 145 116 0 0 0
66 45 44 18 105 162 178 0 0 0
67 45 44 16 51 181 124 0 0 0
68 45 44 20 10 170 100 0 0 0
72 47 46 16 10 154 94 0 0 0
73 45 44 18 105 162 178 0 0 0
74 45 44 18 105 162 178 0 0 0
75 45 44 16 51 184 124 0 0 0
76 45 44 46 74 196 184 0 0 0
77 47 46 76 12 140 68 0 0 0
78 45 44 24 18 100 152 0 0 0
79 45 44 24 18 100 152 0 0 0
81 47 46 16 10 154 94 0 0 0
2330 0 0 1 13 260 199 0 0 0
2350 0 0 1 13 260 199 0 0 0
259 72 88 29 34 137 128 0 0 0
260 47 46 0 20 168 115 0 0 0
261 47 46 0 20 168 115 0 0 0
262 47 46 0 20 168 115 0 0 0
263 47 46 0 20 168 115 0 0 0
264 79 88 0 35 150 105 0 0 0
265 47 46 0 20 175 105 0 0 0
266 47 46 0 20 175 105 0 0 0
267 47 46 0 20 175 105 0 0 0
268 47 46 0 20 168 115 0 0 0
269 47 46 0 20 168 115 0 0 0
270 47 46 0 20 168 115 0 0 0
258 79 88 15 10 210 110 0 0 0
283 79 88 15 10 220 120 0 0 0
284 79 88 10 10 220 145 0 0 0
285 79 88 10 10 220 130 0 0 0
286 79 88 15 10 290 130 0 0 0
287 79 88 15 10 220 120 0 0 0
1422 45 44 16 51 184 124 0 0 0
1156 1615 0 5 43 160 100 0 0 0
10851 391 457 29 34 137 128 0 0 0
